# Camera w,h values
width=1280
height=720

# Dict type of aruco markers on screen
dict=DICT_6X6_100

# Marker size (cm)
marker_size=6

# Calibration coefficients
fx=949.1523951101981
fy=952.5814531795933
cx=645.4984606696217
cy=337.1203662683743
k1=0.031092122495995272
k2=-0.07587490322798068
p1=-0.004809230290245948
p2=0.00047864442861208535